P3 20 10 255 120 200 50 115 198 57 110 195 65 105 193 72 100 190 80 95 188 87 90 185 95 85 183 102 80 180 110 75 178 117 70 175 125 65 173 132 60 170 140 55 168 147 50 165 155 45 163 162 40 160 170 35 158 177 30 155 185 25 153 192 
120 200 50 115 198 57 110 195 65 105 193 72 100 190 80 95 188 87 90 185 95 85 183 102 80 180 110 75 178 117 70 175 125 65 173 132 60 170 140 55 168 147 50 165 155 45 163 162 40 160 170 35 158 177 30 155 185 25 153 192 
120 200 50 115 198 57 110 195 65 105 193 72 100 190 80 95 188 87 90 185 95 85 183 102 80 180 110 75 178 117 70 175 125 65 173 132 60 170 140 55 168 147 50 165 155 45 163 162 40 160 170 35 158 177 30 155 185 25 153 192 
120 200 50 115 198 57 110 195 65 105 193 72 100 190 80 95 188 87 90 185 95 85 183 102 80 180 110 75 178 117 70 175 125 65 173 132 60 170 140 55 168 147 50 165 155 45 163 162 40 160 170 35 158 177 30 155 185 25 153 192 
120 200 50 115 198 57 110 195 65 105 193 72 100 190 80 95 188 87 90 185 95 85 183 102 80 180 110 75 178 117 70 175 125 65 173 132 60 170 140 55 168 147 50 165 155 45 163 162 40 160 170 35 158 177 30 155 185 25 153 192 
120 200 50 115 198 57 110 195 65 105 193 72 100 190 80 95 188 87 90 185 95 85 183 102 80 180 110 75 178 117 70 175 125 65 173 132 60 170 140 55 168 147 50 165 155 45 163 162 40 160 170 35 158 177 30 155 185 25 153 192 
120 200 50 115 198 57 110 195 65 105 193 72 100 190 80 95 188 87 90 185 95 85 183 102 80 180 110 75 178 117 70 175 125 65 173 132 60 170 140 55 168 147 50 165 155 45 163 162 40 160 170 35 158 177 30 155 185 25 153 192 
120 200 50 115 198 57 110 195 65 105 193 72 100 190 80 95 188 87 90 185 95 85 183 102 80 180 110 75 178 117 70 175 125 65 173 132 60 170 140 55 168 147 50 165 155 45 163 162 40 160 170 35 158 177 30 155 185 25 153 192 
120 200 50 115 198 57 110 195 65 105 193 72 100 190 80 95 188 87 90 185 95 85 183 102 80 180 110 75 178 117 70 175 125 65 173 132 60 170 140 55 168 147 50 165 155 45 163 162 40 160 170 35 158 177 30 155 185 25 153 192 
120 200 50 115 198 57 110 195 65 105 193 72 100 190 80 95 188 87 90 185 95 85 183 102 80 180 110 75 178 117 70 175 125 65 173 132 60 170 140 55 168 147 50 165 155 45 163 162 40 160 170 35 158 177 30 155 185 25 153 192 
